nlayers,lr,acc
1,0.02420264232946926,0.09999999403953552
1,0.09093574398637702,0.09999999403953552
6,0.06064361398509423,0.4964999854564667
1,0.04201933830845386,0.09999999403953552
4,0.0020670878793441674,0.4652999937534332
3,0.06187179233474477,0.09999999403953552
4,0.4367822836639793,0.09999999403953552
6,0.0007439326502154974,0.3208000063896179
2,0.00041910335828302466,0.4108999967575073
1,0.5177906509637126,0.09999999403953552
3,0.0003318979853833284,0.3953000009059906
3,0.0036784450913792304,0.4659999907016754
3,0.0017602500815308798,0.4607999920845032
2,0.00042316085826618605,0.4089999794960022
5,0.0008440090000364966,0.40039998292922974
4,0.00010141007881257991,0.30230000615119934
3,0.010451938265859072,0.47609999775886536
3,0.13097884020105852,0.09999999403953552
3,0.263496471564607,0.09999999403953552
1,0.03238678660854355,0.09999999403953552
3,0.004013654820478728,0.4722999930381775
4,0.014325088531785435,0.48179998993873596
4,0.0015183041033892156,0.4447000026702881
6,0.015255200606428036,0.48739999532699585
2,0.005754026612835895,0.4407999813556671
4,0.01555419047652632,0.49239999055862427
6,0.0012454755692643822,0.3725999891757965
3,0.18375562466882173,0.09999999403953552
6,0.0005613860819917478,0.3149999976158142
2,0.0007628919654979713,0.44099998474121094
3,0.04616340578455929,0.09999999403953552
6,0.06505769408091219,0.48579999804496765
6,0.026515126782834825,0.49639999866485596
3,0.03538516995685075,0.09999999403953552
6,0.00146021238621788,0.38189998269081116
4,0.00017506176027853656,0.3310000002384186
1,0.003619847578869644,0.09999999403953552
3,0.0005511577545418176,0.41429999470710754
2,0.0005518263529977693,0.4205999970436096
2,0.010522968037636393,0.09999999403953552
1,0.3841375348976444,0.09999999403953552
2,0.05654125478851918,0.09999999403953552
6,8.674842660401369e-05,0.1688999980688095
2,0.0050850231801819685,0.4521999955177307
2,0.02244633586221769,0.09999999403953552
2,0.0002738445875759702,0.38999998569488525
2,0.025642182635725076,0.09999999403953552
3,0.08752450534920028,0.09999999403953552
2,8.948736486360719e-05,0.33820000290870667
2,9.969950604451002e-05,0.34849998354911804
6,0.00014159178317881785,0.1736999899148941
2,0.00032269618514031153,0.40119999647140503
5,0.25169675825781507,0.09999999403953552
4,0.24651686617447446,0.09999999403953552
5,0.5800484441929186,0.09999999403953552
6,0.010845410086695208,0.48179998993873596
1,0.0007430804370319748,0.4624999761581421
5,0.005754164456964355,0.4822999835014343
5,8.070777760276467e-05,0.20520000159740448
4,0.00014660656316486871,0.335099995136261
3,0.15560295000001298,0.09999999403953552
6,0.0030377886588697626,0.4545999765396118
5,0.1615415107152389,0.09999999403953552
5,0.0012878846184825631,0.4285999834537506
5,0.0003087095618481417,0.33489999175071716
2,0.06256849054335863,0.09999999403953552
6,0.7194981333705084,0.09999999403953552
5,0.0013622072119373677,0.4251999855041504
4,0.577453791283305,0.09999999403953552
6,0.0024446347736334383,0.4226999878883362
1,0.0004004049242756418,0.41909998655319214
6,0.6138921091530148,0.09999999403953552
2,0.06909080704977413,0.09999999403953552
1,0.0030848051547592284,0.09999999403953552
5,0.0002969244038753605,0.32690000534057617
2,0.0012664569537994546,0.45260000228881836
6,0.0038684384644366515,0.457099974155426
6,0.0002020222511125207,0.22289998829364777
6,0.0031399178875270357,0.4544999897480011
5,0.0013688774356882003,0.43459999561309814
1,8.360927631442801e-05,0.3595999777317047
5,0.2542633567511342,0.09999999403953552
3,0.375033062370996,0.09999999403953552
5,0.047430199524018536,0.4958999752998352
5,0.2504329377742854,0.09999999403953552
6,0.0002891073661861585,0.21329998970031738
1,0.2442413658884724,0.09999999403953552
4,0.0028016384159324013,0.4684999883174896
6,0.046435695115155835,0.4827999770641327
6,0.001508351708591148,0.398499995470047
5,0.024653435454069922,0.4975999891757965
5,0.08686569409370065,0.4781999886035919
2,0.007292545625603325,0.4180999994277954
1,0.000422560077311847,0.4332999885082245
3,0.00013332336042194866,0.34939998388290405
1,0.03510618233975635,0.09999999403953552
4,0.009517167674256255,0.4908999800682068
6,0.00027142785051465613,0.23879998922348022
3,4.800169420535563e-05,0.30480000376701355
3,0.003025330223845872,0.469899982213974
6,0.0013464103811881177,0.3904999792575836
6,5.384658650463135e-05,0.15760000050067902
6,0.4164517326035216,0.09999999403953552
3,0.053581746244967386,0.09999999403953552
6,0.01789050491186352,0.4761999845504761
6,0.00025714949536330493,0.22819998860359192
6,0.007438105187377018,0.47099998593330383
5,0.020186693366471803,0.4997999966144562
3,0.02449204554764155,0.09999999403953552
6,0.021879755454025464,0.49889999628067017
2,0.02803840206650269,0.09999999403953552
4,0.00024761588264024395,0.3682999908924103
5,0.5966288497454936,0.09999999403953552
3,0.06295586507213165,0.09999999403953552
1,0.06114407756343188,0.09999999403953552
6,0.09951599529778597,0.47929999232292175
2,0.00428131518424545,0.4440999925136566
4,0.00467520408737511,0.47509998083114624
4,0.655562907016559,0.09999999403953552
3,0.02908644726689348,0.09999999403953552
6,0.0013163339537080898,0.37529999017715454
6,0.003826681844149625,0.45179998874664307
5,0.005503391549550289,0.4607999920845032
3,0.0009546402059059175,0.4389999806880951
4,0.0004340764181798917,0.38499999046325684
4,0.053792869344021325,0.09999999403953552
1,0.0007933288493228272,0.46699997782707214
4,0.00011552315346690653,0.3224000036716461
4,0.05671758039085782,0.09999999403953552
2,0.2000634843061091,0.09999999403953552
1,0.0001094000668130019,0.35839998722076416
1,0.060317296094577595,0.09999999403953552
6,0.0003201618677501914,0.21779999136924744
5,0.006743262946504132,0.487199991941452
1,0.03102275188664384,0.09999999403953552
4,0.8688073731169471,0.09999999403953552
5,0.014314761150936049,0.5002999901771545
1,0.004708457256894007,0.09999999403953552
5,0.0009246517021749854,0.38920000195503235
4,9.555464830283802e-05,0.3138999938964844
4,0.00041436306878183293,0.3969999849796295
2,0.001519960688441999,0.4527999758720398
6,0.012120994652895133,0.48739999532699585
5,0.061543028012563575,0.5024999976158142
1,0.0006667580436490361,0.45829999446868896
5,7.68549838247979e-05,0.22529999911785126
6,4.594551663156885e-05,0.10759999603033066
3,0.0003661313923353442,0.40389999747276306
4,0.8178619551292655,0.09999999403953552
1,0.011025677365680452,0.09999999403953552
1,0.7811703605094537,0.09999999403953552
4,0.012600109569055162,0.4795999825000763
5,0.07295360731250958,0.48989999294281006
3,4.899684737352582e-05,0.3003999888896942
4,0.009980951196364385,0.4860000014305115
6,0.0006003940925402876,0.2831999957561493
4,4.6286451835949214e-05,0.2587999999523163
2,0.03094909631135774,0.09999999403953552
2,0.0007770302525233672,0.436599999666214
5,9.801949978977014e-05,0.23309999704360962
1,0.008265601793195987,0.09999999403953552
2,0.5954571750240315,0.09999999403953552
3,0.010524968108862305,0.4778999984264374
5,0.00041941274505164167,0.35819998383522034
1,0.07384827036632072,0.09999999403953552
4,0.035345013820401255,0.4919999837875366
3,0.0003252747216954524,0.3983999788761139
6,0.08754416190225524,0.49789997935295105
4,0.00014644848587702495,0.32670000195503235
2,0.024164978465284363,0.09999999403953552
6,0.08011768612836748,0.50409996509552
3,0.018073515897335735,0.4359999895095825
5,0.031408980311029,0.49480000138282776
1,0.0010886501558676808,0.4721999764442444
3,0.00018304143839117958,0.3725000023841858
5,0.007535566640413742,0.47999998927116394
5,6.639002801395931e-05,0.2117999941110611
6,0.5816857597582388,0.09999999403953552
5,0.11058198961133671,0.4756999909877777
2,0.0001939158182892471,0.3748999834060669
5,0.006711575965044841,0.4836999773979187
6,0.013834465372854038,0.49719998240470886
3,8.195328341478266e-05,0.3294999897480011
2,0.035039316435054126,0.09999999403953552
2,0.0001489369261962451,0.36139997839927673
1,0.01680554457950259,0.09999999403953552
6,0.0001497317049278702,0.15029999613761902
2,0.011925594095320253,0.09999999403953552
3,0.10521531221803375,0.09999999403953552
3,0.009312800050933394,0.4810999929904938
2,0.0004674667714789085,0.4104999899864197
2,0.011789324677786426,0.09999999403953552
5,0.0001357458401569684,0.24300000071525574
1,7.062668178367465e-05,0.3511999845504761
2,0.03137830212709654,0.09999999403953552
6,0.057360836665004675,0.48499998450279236
5,0.14237110099053463,0.09999999403953552
6,0.0011714215212138464,0.3511999845504761
2,0.1350513211009621,0.09999999403953552
2,0.012161391169577623,0.11249999701976776
5,0.00022383936856631092,0.30979999899864197
3,0.15411235161946646,0.09999999403953552
2,0.00866467808688811,0.1006999984383583
2,0.0012598084367025097,0.4447000026702881
6,0.001015308764160123,0.3441999852657318
5,0.25188819072911545,0.09999999403953552
2,0.00042283986488740095,0.4162999987602234
4,0.00012336478119175426,0.3240000009536743
6,0.0021152820305591655,0.43299999833106995
3,0.11445902406557404,0.09999999403953552
5,7.88436110030208e-05,0.19290000200271606
1,0.3435004150172896,0.09999999403953552
4,0.36012530533804044,0.09999999403953552
4,7.998207916088985e-05,0.29429998993873596
3,0.7995346798630009,0.09999999403953552
5,6.46899810704603e-05,0.20659999549388885
1,0.01864138819206507,0.09999999403953552
5,0.0032557495259169737,0.46299999952316284
5,7.441208854001876e-05,0.2264999896287918
3,0.00034729762424979383,0.4050000011920929
4,0.0008707435774601408,0.4332999885082245
6,0.009775527800127868,0.48249998688697815
2,6.696581324415063e-05,0.3402999937534332
5,0.00022274056087515795,0.2612999975681305
5,0.00011395825668132703,0.26409998536109924
6,0.20389113122842983,0.46389999985694885
2,0.004112060486243657,0.45989999175071716
3,0.013139936590836974,0.4781999886035919
5,0.002257482327127132,0.44859999418258667
3,0.0005629099226487966,0.42179998755455017
1,0.002127471839983721,0.4032999873161316
6,9.067683967264412e-05,0.1290999948978424
1,0.0027601817219596874,0.09999999403953552
2,0.023925634118603805,0.09999999403953552
